-65.842, 13.889, 100
-64.697, 15.529, 100
-63.551, 17.168, 100
-62.405, 18.807, 100
-61.259, 20.446, 100
-60.114, 22.086, 100
-58.968, 23.725, 100
-57.822, 25.364, 100
-56.676, 27.004, 100
-55.531, 28.643, 100
-54.385, 30.282, 100
-53.239, 31.921, 100
-52.093, 33.561, 100
-50.804, 35.081, 100
-49.403, 36.508, 100
-48.002, 37.935, 100
-46.601, 39.363, 100
-45.2, 40.79, 100
-43.799, 42.217, 100
-42.398, 43.645, 100
-40.997, 45.072, 100
-40.516, 46.127, 100
-42.516, 46.176, 100
-44.515, 46.225, 100
-46.515, 46.274, 100
-48.514, 46.323, 100
-50.513, 46.372, 100
-52.513, 46.422, 100
-54.512, 46.471, 100
-56.512, 46.52, 100
-58.511, 46.569, 100
-60.51, 46.618, 100
-62.51, 46.667, 100
-64.509, 46.717, 100
-66.508, 46.766, 100
-64.93, 46.743, 100
-62.93, 46.711, 100
-60.93, 46.68, 100
-58.931, 46.649, 100
-56.931, 46.617, 100
-54.931, 46.586, 100
-52.931, 46.554, 100
-50.932, 46.523, 100
-48.932, 46.492, 100
-46.932, 46.46, 100
-44.932, 46.429, 100
-42.933, 46.397, 100
-40.933, 46.366, 100
-38.933, 46.334, 100
-36.933, 46.303, 100
-34.934, 46.272, 100
-32.934, 46.24, 100
-30.934, 46.209, 100
-28.934, 46.177, 100
-26.935, 46.146, 100
-24.935, 46.115, 100
-26.764, 46.14, 100
-28.764, 46.168, 100
-30.764, 46.197, 100
-32.764, 46.225, 100
-34.764, 46.253, 100
-36.763, 46.281, 100
-38.763, 46.309, 100
-40.415, 45.983, 100
-40.425, 43.983, 100
-40.434, 41.983, 100
-40.444, 39.983, 100
-40.453, 37.983, 100
-40.463, 35.983, 100
-40.472, 33.983, 100
-40.481, 31.983, 100
-40.491, 29.983, 100
-40.5, 27.983, 100
-40.51, 25.983, 100
-40.519, 23.983, 100
-40.529, 21.983, 100
-40.538, 19.983, 100
-40.547, 17.983, 100
-40.557, 15.983, 100
-40.566, 13.984, 100
-40.576, 11.984, 100
-40.585, 9.984, 100
-40.595, 7.984, 100
-40.604, 5.984, 100
-40.614, 3.984, 100
-40.623, 1.984, 100
-40.632, -0.016, 100
-40.642, -2.016, 100
-40.651, -4.016, 100
-40.661, -6.016, 100
-40.67, -8.016, 100
-40.68, -10.016, 100
-40.689, -12.016, 100
-40.698, -14.016, 100
-40.708, -16.016, 100
-40.717, -18.016, 100
-40.727, -20.016, 100
-40.736, -22.016, 100
-40.746, -24.016, 100
-40.755, -26.016, 99.678
-40.764, -28.016, 97.096
-40.774, -30.016, 94.444
-40.783, -32.016, 91.715
-40.793, -34.016, 88.903
-40.802, -36.016, 85.998
-40.812, -38.016, 82.992
-40.821, -40.016, 79.873
-40.83, -42.016, 76.627
-40.84, -44.016, 73.237
-40.849, -46.016, 69.683
-39.45, -46.664, 66.813
-37.452, -46.737, 62.897
-35.453, -46.811, 58.72
-33.454, -46.884, 54.222
-31.456, -46.957, 49.315
-29.457, -47.03, 43.863
-27.458, -47.103, 37.63
-25.46, -47.176, 30.133
-23.461, -47.249, 20
-22.877, -47.271, 0
-22.877, -47.271, 0
-2.89, -48.002, 0
endData
127
100
200
-65.842, 13.889, -58.718, 24.083, -58.718, 24.083, -51.594, 34.276
-51.594, 34.276, -45.784, 40.195, -45.784, 40.195, -39.975, 46.113
-39.975, 46.113, -53.347, 46.442, -53.347, 46.442, -66.719, 46.771
-66.719, 46.771, -45.784, 46.442, -45.784, 46.442, -24.85, 46.113
-24.85, 46.113, -32.632, 46.223, -32.632, 46.223, -40.414, 46.332
-40.414, 46.332, -40.633, -0.14, -40.633, -0.14, -40.852, -46.613
-40.852, -46.613, -31.865, -46.942, -31.865, -46.942, -22.877, -47.271
#PATH.JERRYIO-DATA {"appVersion":"0.10.0","format":"LemLib v0.5","gc":{"robotWidth":11.811023622047244,"robotHeight":11.811023622047244,"robotIsHolonomic":false,"showRobot":false,"uol":2.54,"pointDensity":2,"controlMagnetDistance":0.7750015500031,"fieldImage":{"displayName":"V5RC 2026 - Push Back","signature":"V5RC-PushBack-H2H-TopDownHighlighted-TileColor66_71","origin":{"__type":"built-in"}},"coordinateSystem":"VEX Gaming Positioning System"},"paths":[{"segments":[{"controls":[{"uid":"DWbQrbQTfm","x":-65.84225069101997,"y":13.889216286399739,"lock":false,"visible":true,"heading":90,"__type":"end-point"},{"uid":"oYrkAYD685","x":-51.5935281749849,"y":34.27585004011148,"lock":false,"visible":true,"heading":45,"__type":"end-point"}],"speedProfiles":[],"lookaheadKeyframes":[],"uid":"bPNcVzuNhh"},{"controls":[{"uid":"oYrkAYD685","x":-51.5935281749849,"y":34.27585004011148,"lock":false,"visible":true,"heading":45,"__type":"end-point"},{"uid":"xxbygs8SyS","x":-39.97533904652551,"y":46.11325028420216,"lock":false,"visible":true,"heading":270,"__type":"end-point"}],"speedProfiles":[],"lookaheadKeyframes":[],"uid":"DT2gEZmeV5"},{"controls":[{"uid":"xxbygs8SyS","x":-39.97533904652551,"y":46.11325028420216,"lock":false,"visible":true,"heading":270,"__type":"end-point"},{"uid":"aPxURNB6Jc","x":-66.71909515354521,"y":46.77088363109609,"lock":false,"visible":true,"heading":270,"__type":"end-point"}],"speedProfiles":[],"lookaheadKeyframes":[],"uid":"lhORNdwis2"},{"controls":[{"uid":"aPxURNB6Jc","x":-66.71909515354521,"y":46.77088363109609,"lock":false,"visible":true,"heading":270,"__type":"end-point"},{"uid":"56NS0sqwnd","x":-24.84977206796519,"y":46.11325028420216,"lock":false,"visible":true,"heading":90,"__type":"end-point"}],"speedProfiles":[],"lookaheadKeyframes":[],"uid":"y2fEFc7stx"},{"controls":[{"uid":"56NS0sqwnd","x":-24.84977206796519,"y":46.11325028420216,"lock":false,"visible":true,"heading":90,"__type":"end-point"},{"uid":"E6BT8r46KS","x":-40.413761277788126,"y":46.33246139983347,"lock":false,"visible":true,"heading":180,"__type":"end-point"}],"speedProfiles":[],"lookaheadKeyframes":[],"uid":"ZzCpRtjm9N"},{"controls":[{"uid":"E6BT8r46KS","x":-40.413761277788126,"y":46.33246139983347,"lock":false,"visible":true,"heading":180,"__type":"end-point"},{"uid":"A8WfZIZ5E5","x":-40.85218350905075,"y":-46.61305162784154,"lock":false,"visible":true,"heading":90,"__type":"end-point"}],"speedProfiles":[],"lookaheadKeyframes":[],"uid":"JVB2Bjcllp"},{"controls":[{"uid":"A8WfZIZ5E5","x":-40.85218350905075,"y":-46.61305162784154,"lock":false,"visible":true,"heading":90,"__type":"end-point"},{"uid":"TZBatgTQ0s","x":-22.876872027283408,"y":-47.27068497473547,"lock":false,"visible":true,"heading":90,"__type":"end-point"}],"speedProfiles":[],"lookaheadKeyframes":[],"uid":"NmjSa4tFW8"}],"pc":{"speedLimit":{"minLimit":{"value":0,"label":"0"},"maxLimit":{"value":127,"label":"127"},"step":1,"from":20,"to":100},"bentRateApplicableRange":{"minLimit":{"value":0,"label":""},"maxLimit":{"value":0,"label":""},"step":0,"from":0,"to":0},"maxDecelerationRate":127},"name":"Route 1","uid":"MfdH1eD7U8","lock":false,"visible":true}]}